0 0.83701 0.639626 0.196552 0.084746
0 0.324303 0.652319 0.024185 0.083667
0 0.368363 0.659672 0.022748 0.067927
0 0.549372 0.656653 0.020996 0.07224
0 0.458806 0.656335 0.025426 0.068908
0 0.049423 0.665464 0.022794 0.059431
0 0.122096 0.646855 0.049593 0.129324
0 0.250025 0.643786 0.053479 0.123086
0 0.717372 0.660366 0.009432 0.055446
0 0.280418 0.658978 0.022829 0.069703
0 0.209051 0.662543 0.011418 0.061024
0 0.090021 0.66423 0.030346 0.066388
0 0.023654 0.667072 0.016371 0.064837
0 0.159069 0.664446 0.025333 0.061277
0 0.180376 0.652036 0.018679 0.085501